0.0000	-0.0185612	0.60134	0.64956
1.0000	0.0734358	0.576885	0.638303
2.0000	0.0555996	0.61303	0.61228
3.0000	0.0764371	0.637939	0.591992
4.0000	0.0946585	0.595891	0.613663
5.0000	0.117928	0.609698	0.611406
6.0000	0.0898994	0.606328	0.700896
7.0000	0.000573044	0.619223	0.668802
8.0000	-0.0885507	0.608829	0.682901
9.0000	-0.128162	0.648673	0.626467
10.0000	-0.126179	0.519301	0.738427
11.0000	-0.0495699	0.634879	0.611878
12.0000	0.0276221	0.590829	0.652529
13.0000	0.0153373	0.545035	0.775565
14.0000	0.139578	0.591214	0.566327
15.0000	0.0970495	0.620595	0.497839
16.0000	0.0173189	0.61943	0.610602
17.0000	0.0759345	0.659508	0.567184
18.0000	0.0397927	0.594063	0.706265
19.0000	0.101175	0.619762	0.667637
20.0000	0.123544	0.647993	0.667527
21.0000	-0.00168214	0.6756	0.656682
22.0000	0.00594986	0.656324	0.578484
23.0000	0.0798789	0.584437	0.640527
24.0000	0.11909	0.470124	0.70353
25.0000	0.0701531	0.533277	0.597583
26.0000	0.0462529	0.398551	0.739481
27.0000	0.123881	0.519845	0.710365
28.0000	0.159527	0.445736	0.710857
29.0000	0.275414	0.418998	0.671359
30.0000	0.203509	0.464618	0.624382
31.0000	0.0876792	0.486285	0.640908
32.0000	0.0648323	0.570556	0.631873
33.0000	0.0648959	0.503189	0.63354
34.0000	0.109558	0.477592	0.604312
35.0000	-0.00425961	0.590935	0.758852
36.0000	0.201351	0.509923	0.655566
37.0000	0.281371	0.545921	0.683813
38.0000	0.0678399	0.576789	0.65581
39.0000	0.170429	0.577691	0.694046
40.0000	0.0886754	0.548599	0.774597
41.0000	0.160033	0.474388	0.764976
42.0000	0.127037	0.447937	0.788126
43.0000	0.191562	0.469133	0.670137
44.0000	-0.03394	0.565583	0.722313
45.0000	0.0538409	0.538795	0.694394
46.0000	0.127626	0.493383	0.769338
47.0000	0.186098	0.467834	0.76952
48.0000	0.0984594	0.457546	0.805396
49.0000	0.237963	0.432558	0.785023
50.0000	0.265965	0.372954	0.819742
51.0000	0.292512	0.322953	0.82708
52.0000	0.223965	0.36686	0.807204
53.0000	0.320221	0.410188	0.669783
54.0000	0.272815	0.49646	0.796177
55.0000	0.166172	0.412046	0.777133
56.0000	0.18627	0.507362	0.73483
57.0000	0.313972	0.436931	0.708888
58.0000	0.109897	0.449236	0.815781
59.0000	0.321534	0.42175	0.762102
60.0000	0.299715	0.417401	0.748703
61.0000	0.208021	0.490197	0.736606
62.0000	0.238649	0.509034	0.7706
63.0000	0.0746631	0.566394	0.775345
64.0000	0.0835001	0.533093	0.733952
65.0000	0.0866467	0.65647	0.660583
66.0000	0.150842	0.644177	0.629434
67.0000	0.0457331	0.59237	0.639622
68.0000	0.0387503	0.638781	0.498227
69.0000	0.0737443	0.647366	0.569748
70.0000	0.0259233	0.64039	0.591459
71.0000	0.023491	0.626362	0.564425
72.0000	0.100792	0.561315	0.599406
73.0000	-0.0107571	0.581468	0.560179
74.0000	0.0999827	0.578761	0.595428
75.0000	0.0423062	0.660972	0.549977
76.0000	0.0805965	0.561048	0.633199
77.0000	0.0766681	0.693249	0.599202
78.0000	0.0158095	0.687461	0.703133
79.0000	0.0180562	0.663686	0.625315
80.0000	0.0638321	0.61272	0.627726
81.0000	0.0260447	0.710287	0.683505
82.0000	0.0925886	0.620228	0.626539
83.0000	0.101829	0.620287	0.713265
84.0000	0.120194	0.668419	0.63114
85.0000	0.00682622	0.661293	0.605525
86.0000	0.0627741	0.472401	0.800377
87.0000	0.05029	0.547259	0.69101
88.0000	0.0724828	0.574549	0.657973
89.0000	0.0448434	0.587407	0.640829
90.0000	0.132987	0.544764	0.596098
91.0000	0.0718821	0.635797	0.645259
92.0000	0.0276621	0.69806	0.548479
93.0000	0.0954872	0.530778	0.774449
94.0000	0.0300868	0.593732	0.730944
95.0000	-0.00145183	0.537727	0.714821
96.0000	0.0168838	0.510291	0.722642
97.0000	-0.0411051	0.569513	0.693066
98.0000	-0.00649295	0.624813	0.725062
99.0000	0.161319	0.634366	0.643335
100.0000	0.0680342	0.572012	0.657541
101.0000	0.113179	0.502628	0.665766
102.0000	-0.0373488	0.623809	0.658671
103.0000	0.0598852	0.629808	0.606804
104.0000	0.062479	0.640908	0.652634
105.0000	-0.000221175	0.669796	0.636249
106.0000	-0.0245148	0.632107	0.617902
107.0000	-0.0107388	0.647076	0.616968
108.0000	-0.0418357	0.652952	0.506908
109.0000	-0.00667478	0.632031	0.497187
110.0000	0.00779729	0.675085	0.466755
111.0000	-0.0463499	0.645776	0.519259
112.0000	0.029562	0.656531	0.506456
113.0000	-0.0359476	0.628116	0.597408
114.0000	-0.00841868	0.679953	0.535302
115.0000	0.0538121	0.660514	0.551581
116.0000	-0.0354834	0.683495	0.565447
117.0000	-0.106757	0.693064	0.521705
118.0000	-0.00298174	0.663969	0.468004
119.0000	-0.034478	0.688373	0.491158
120.0000	0.0166581	0.661967	0.50226
121.0000	-0.0303974	0.678652	0.466915
122.0000	-0.104317	0.721991	0.528087
123.0000	-0.0855865	0.679366	0.466703
124.0000	-0.0148741	0.66251	0.511012
125.0000	-0.0195794	0.673126	0.487838
126.0000	-0.099975	0.743444	0.488883
127.0000	-0.0792818	0.674334	0.491079
128.0000	-0.0455036	0.664925	0.549759
129.0000	-0.0735361	0.660542	0.448225
130.0000	-0.0528219	0.61731	0.53802
131.0000	-0.143607	0.734902	0.426864
132.0000	-0.183985	0.686666	0.582723
133.0000	-0.190343	0.683069	0.475849
134.0000	-0.110531	0.688793	0.541482
135.0000	-0.0745901	0.577981	0.566351
136.0000	-0.0826174	0.617154	0.570429
137.0000	-0.0793194	0.649436	0.599108
138.0000	-0.0833666	0.587704	0.613777
139.0000	-0.0872782	0.641894	0.519154
140.0000	-0.0616147	0.645277	0.54138
141.0000	-0.145839	0.68321	0.431225
142.0000	-0.214182	0.64914	0.516397
143.0000	-0.262034	0.681426	0.442511
144.0000	-0.209772	0.717277	0.478027
145.0000	-0.209288	0.711313	0.501207
146.0000	-0.132593	0.663383	0.605624
147.0000	-0.0141325	0.660505	0.590769
148.0000	-0.0838212	0.670164	0.476075
149.0000	-0.0858881	0.685677	0.549824
150.0000	-0.0857678	0.666057	0.501223
151.0000	-0.050472	0.660478	0.623458
152.0000	-0.0917975	0.695982	0.593045
153.0000	-0.0785805	0.668126	0.508969
154.0000	-0.070101	0.678834	0.57354
155.0000	-0.0525307	0.667979	0.60504
156.0000	-0.0965079	0.663998	0.590842
157.0000	-0.162671	0.68478	0.6214
158.0000	-0.0872352	0.712588	0.544563
159.0000	-0.0741336	0.642151	0.642483
160.0000	-0.029883	0.648591	0.638534
161.0000	0.0165217	0.57133	0.698683
162.0000	0.0375914	0.605119	0.632627
163.0000	0.0430068	0.577791	0.546261
164.0000	-0.140054	0.653543	0.504078
165.0000	-0.0151096	0.638546	0.590932
166.0000	-0.0281102	0.636647	0.575024
167.0000	0.088572	0.5364	0.656126
168.0000	-0.087692	0.655104	0.605348
169.0000	-0.0658324	0.633162	0.631131
170.0000	-0.0788106	0.625161	0.690984
171.0000	-0.0775955	0.510147	0.696869
172.0000	0.021384	0.597998	0.643283
173.0000	-0.101772	0.552819	0.721017
174.0000	-0.0624536	0.566205	0.7493
175.0000	-0.0940413	0.606173	0.753502
176.0000	-0.125745	0.60395	0.673933
177.0000	-0.0637392	0.629966	0.641958
178.0000	-0.18396	0.659551	0.619277
179.0000	-0.164521	0.64618	0.664595
180.0000	-0.142759	0.668284	0.550789
181.0000	-0.113717	0.699027	0.674213
182.0000	-0.0665469	0.620131	0.579788
183.0000	-0.050727	0.609922	0.616594
184.0000	-0.0855574	0.662846	0.561798
185.0000	-0.0183319	0.650908	0.522009
186.0000	0.0276205	0.519339	0.625966
187.0000	-0.0130814	0.625272	0.598967
188.0000	0.0357107	0.454392	0.6982
189.0000	-0.0221518	0.515492	0.652264
190.0000	-0.0114454	0.584512	0.656468
191.0000	-0.061576	0.641038	0.538012
192.0000	-0.0524056	0.671422	0.493332
193.0000	-0.0834956	0.610697	0.596052
194.0000	-0.083687	0.624591	0.6051
195.0000	-0.0911567	0.607914	0.592288
196.0000	-0.0739243	0.6542	0.63025
197.0000	-0.108272	0.604546	0.534001
198.0000	-0.140073	0.621348	0.592764
199.0000	-0.219168	0.591487	0.638561
200.0000	-0.0967184	0.551693	0.674126
201.0000	-0.163527	0.656521	0.554132
202.0000	-0.144504	0.66124	0.558303
203.0000	-0.169644	0.6618	0.48787
204.0000	-0.0368784	0.558813	0.51446
205.0000	-0.145985	0.487417	0.712061
206.0000	-0.069908	0.486831	0.672944
207.0000	-0.0773556	0.550629	0.621671
208.0000	-0.0181761	0.522312	0.65599
209.0000	-0.116982	0.440618	0.764536
210.0000	-0.0428354	0.45582	0.76123
211.0000	-0.0909482	0.539804	0.703714
212.0000	-0.133039	0.603591	0.680398
213.0000	-0.0998069	0.508498	0.727514
214.0000	-0.0527433	0.583353	0.666994
215.0000	-0.11398	0.666595	0.71068
216.0000	-0.108034	0.574905	0.733738
217.0000	-0.0753649	0.602482	0.719967
218.0000	-0.0381497	0.529484	0.745081
219.0000	-0.028332	0.63262	0.769221
220.0000	-0.00291207	0.527754	0.70076
221.0000	-0.0329007	0.548293	0.694043
222.0000	-0.0632637	0.565133	0.653731
223.0000	-0.0689596	0.642437	0.661487
224.0000	-0.0431927	0.541688	0.642362
225.0000	-0.136899	0.576382	0.665792
226.0000	-0.166538	0.566759	0.586772
227.0000	-0.130848	0.54436	0.713234
228.0000	-0.139894	0.62892	0.604014
229.0000	-0.168712	0.613531	0.60489
230.0000	-0.0467903	0.624732	0.520123
231.0000	-0.093144	0.615418	0.589131
232.0000	-0.0424987	0.681686	0.593215
233.0000	0.00918991	0.581837	0.576132
234.0000	-0.0559557	0.599713	0.581256
235.0000	0.0134513	0.623317	0.605998
236.0000	-0.117063	0.602492	0.573649
237.0000	-0.0856082	0.602294	0.667432
238.0000	-0.0934809	0.560825	0.582802
239.0000	-0.208941	0.614209	0.585186
240.0000	-0.222594	0.636595	0.604231
241.0000	-0.210645	0.618763	0.470986
242.0000	-0.282049	0.58851	0.573949
243.0000	-0.182984	0.573367	0.577896
244.0000	-0.235043	0.579487	0.58911
245.0000	-0.0516801	0.589229	0.475581
246.0000	-0.182982	0.671155	0.593747
247.0000	-0.144776	0.702483	0.581128
248.0000	-0.182575	0.616312	0.612994
249.0000	-0.0472309	0.612902	0.488338
250.0000	-0.0881513	0.636194	0.520858
251.0000	-0.0477911	0.576927	0.614446
252.0000	-0.119277	0.631772	0.601253
253.0000	-0.102498	0.646799	0.549224
254.0000	-0.0948852	0.597122	0.623957
255.0000	-0.0578468	0.523213	0.698795
256.0000	-0.0280905	0.555454	0.658919
257.0000	-0.0775604	0.579736	0.713305
258.0000	-0.0648911	0.503023	0.740093
259.0000	0.00308741	0.535384	0.734291
260.0000	0.0352893	0.446925	0.774675
261.0000	0.0276893	0.409752	0.749268
262.0000	-0.0324772	0.50915	0.642186
263.0000	-0.0574006	0.563265	0.662896
264.0000	0.000516245	0.507905	0.66112
265.0000	-0.0125368	0.524167	0.680929
266.0000	0.092741	0.535071	0.638695
267.0000	-0.00198837	0.526791	0.660878
268.0000	-0.0791863	0.655886	0.594366
269.0000	-0.000858952	0.566147	0.663107
270.0000	0.0605405	0.548743	0.703768
271.0000	0.00191451	0.650034	0.602401
272.0000	-0.127663	0.50276	0.631107
273.0000	-0.0467885	0.58509	0.609528
274.0000	-0.125658	0.617243	0.540269
275.0000	-0.0262321	0.628806	0.548685
276.0000	-0.104453	0.671886	0.626257
277.0000	-0.0340525	0.627102	0.545728
278.0000	0.0626893	0.5629	0.582096
279.0000	-0.0280825	0.61046	0.553324
280.0000	-0.0229925	0.640137	0.596541
281.0000	-0.161514	0.664739	0.566215
282.0000	-0.153057	0.735018	0.570645
283.0000	-0.120536	0.662131	0.529559
284.0000	-0.0820075	0.671667	0.548417
285.0000	-0.186265	0.662422	0.581926
286.0000	-0.151079	0.67467	0.60673
287.0000	-0.0241517	0.652598	0.568244
288.0000	-0.105457	0.68538	0.62444
289.0000	-0.164842	0.719312	0.59868
290.0000	-0.156266	0.694162	0.585726
291.0000	-0.0496534	0.706708	0.582376
292.0000	-0.0752823	0.683498	0.579754
293.0000	-0.114864	0.572493	0.794726
294.0000	-0.0933164	0.53394	0.721529
295.0000	-0.14107	0.522574	0.713425
296.0000	-0.0472567	0.440119	0.716569
297.0000	0.0397702	0.463352	0.682498
298.0000	0.137135	0.472258	0.667749
299.0000	0.156497	0.421188	0.70189
300.0000	0.0875147	0.404174	0.724568
301.0000	0.136846	0.490419	0.695305
302.0000	-0.0764996	0.512388	0.757807
303.0000	-0.00928592	0.613182	0.621439
304.0000	-0.117094	0.65123	0.599916
305.0000	0.0292095	0.553503	0.750582
306.0000	-0.0603906	0.590852	0.686304
307.0000	0.00604247	0.541917	0.675491
308.0000	-0.0367831	0.623378	0.653056
309.0000	-0.112213	0.504063	0.615421
310.0000	-0.0179765	0.526663	0.645985
311.0000	-0.0313097	0.546271	0.582024
312.0000	-0.0533588	0.59113	0.576575
313.0000	-0.0729627	0.642698	0.583932
314.0000	-0.0867257	0.667878	0.662484
315.0000	0.0103262	0.61378	0.575812
316.0000	-0.0819133	0.652791	0.634691
317.0000	0.0114255	0.630056	0.644211
318.0000	-0.17994	0.655696	0.65827
319.0000	-0.132209	0.611239	0.651545
320.0000	-0.155981	0.616784	0.626079
321.0000	-0.00990346	0.532489	0.626224
322.0000	-0.119747	0.594161	0.63583
323.0000	-0.135687	0.5898	0.707658
324.0000	-0.092853	0.490315	0.700219
325.0000	-0.156727	0.676086	0.662396
326.0000	-0.123392	0.645647	0.584025
327.0000	-0.182626	0.670385	0.565636
328.0000	-0.0730778	0.605223	0.617601
329.0000	-0.140248	0.612171	0.501733
330.0000	-0.0507974	0.582362	0.590144
331.0000	0.0376611	0.562975	0.61811
332.0000	0.0608821	0.608888	0.578296
333.0000	-0.049868	0.549031	0.638272
334.0000	-0.0823417	0.492273	0.753118
335.0000	-0.0817028	0.651054	0.553865
336.0000	-0.024687	0.527372	0.633678
337.0000	-0.0121787	0.559972	0.627973
338.0000	-0.0456538	0.614646	0.59329
339.0000	-0.032898	0.546139	0.635777
340.0000	0.138932	0.453089	0.642549
341.0000	-0.21305	0.62325	0.619628
342.0000	-0.0980266	0.639122	0.555338
343.0000	0.0406307	0.536722	0.762572
344.0000	0.00350904	0.51669	0.677152
345.0000	-0.0554866	0.511136	0.686051
346.0000	-0.016503	0.511682	0.705114
347.0000	-0.0749495	0.610316	0.626266
348.0000	-0.0779349	0.58062	0.648695
349.0000	-0.138651	0.623017	0.584624
350.0000	-0.133918	0.694449	0.519536
351.0000	-0.171063	0.695816	0.52201
352.0000	-0.11918	0.691082	0.497212
353.0000	-0.133032	0.697021	0.511042
354.0000	-0.0717586	0.67409	0.546674
355.0000	-0.0207466	0.69001	0.539789
356.0000	-0.0617335	0.646253	0.557421
357.0000	-0.0568289	0.660058	0.555719
358.0000	-0.115145	0.68406	0.552166
359.0000	-0.0701721	0.646145	0.546493
360.0000	-0.00940268	0.581922	0.60579
361.0000	-0.136809	0.594826	0.62947
362.0000	-0.14207	0.682782	0.643553
363.0000	-0.0219763	0.65378	0.579257
364.0000	-0.0417638	0.66396	0.544079
365.0000	-0.0757715	0.702143	0.528713
366.0000	-0.0347385	0.604885	0.62033
367.0000	-0.0734089	0.673262	0.627241
368.0000	-0.120685	0.597577	0.633272
369.0000	-0.0401998	0.625185	0.539219
370.0000	-0.0988629	0.601234	0.609697
371.0000	-0.0593758	0.654047	0.627334
372.0000	0.0988795	0.504738	0.645725
373.0000	0.0648724	0.435734	0.72775
374.0000	0.0793285	0.49797	0.671889
375.0000	-0.165024	0.62444	0.624797
376.0000	-0.0701502	0.587244	0.66994
377.0000	-0.0685182	0.456679	0.717773
378.0000	0.0590561	0.520851	0.669665
379.0000	-0.0444537	0.640699	0.637818
380.0000	-0.0859282	0.565874	0.631874
381.0000	-0.0760947	0.630093	0.670914
382.0000	-0.0141926	0.562505	0.622326
383.0000	-0.0445005	0.637194	0.621608
384.0000	-0.010868	0.610346	0.564399
385.0000	0.00106071	0.550749	0.692633
386.0000	-0.030374	0.553688	0.698597
387.0000	-0.0091462	0.59607	0.601093
388.0000	0.000821349	0.557019	0.599436
389.0000	-0.0627645	0.655987	0.591253
390.0000	-0.152351	0.5929	0.628989
391.0000	-0.107946	0.602601	0.600707
392.0000	-0.176623	0.522115	0.64447
393.0000	-0.187975	0.595683	0.603835
394.0000	-0.084677	0.603568	0.563023
395.0000	-0.082647	0.614879	0.556375
396.0000	-0.0853139	0.624683	0.570224
397.0000	-0.152373	0.603628	0.571274
398.0000	-0.0548965	0.500113	0.598584
399.0000	-0.0723133	0.538805	0.594475
400.0000	-0.115903	0.512155	0.680587
401.0000	0.0472035	0.486239	0.689406
402.0000	-0.0130868	0.564263	0.670278
403.0000	-0.0392106	0.525471	0.617021
404.0000	0.0198209	0.539428	0.634161
405.0000	-0.00523438	0.543791	0.640723
406.0000	-0.0753927	0.517396	0.676828
407.0000	-0.0510987	0.560479	0.594717
408.0000	0.0820994	0.505173	0.708391
409.0000	0.0622785	0.538574	0.732739
410.0000	0.0257031	0.49261	0.730992
411.0000	0.00566526	0.517749	0.697572
412.0000	-0.154119	0.553453	0.679273
413.0000	-0.051564	0.519891	0.615411
414.0000	0.0802999	0.387793	0.691132
415.0000	0.205461	0.438099	0.730931
416.0000	0.0452387	0.51909	0.742592
417.0000	-0.0407849	0.540708	0.720842
418.0000	-0.0450551	0.401605	0.74969
419.0000	-0.0830506	0.44024	0.806679
420.0000	0.0546761	0.419999	0.772342
421.0000	0.137765	0.430634	0.636824
422.0000	0.161506	0.41815	0.732094
423.0000	-0.00862958	0.541011	0.634217
424.0000	0.0153903	0.607766	0.597581
425.0000	-0.0642877	0.541393	0.726508
426.0000	-0.0676613	0.649639	0.561869
427.0000	-0.175915	0.661795	0.509798
428.0000	-0.0302899	0.617295	0.597994
429.0000	-0.0332361	0.569226	0.590959
430.0000	0.0371162	0.573784	0.528274
431.0000	-0.0667326	0.648024	0.53658
432.0000	0.0482989	0.612112	0.595877
433.0000	-0.0495631	0.640434	0.598255
434.0000	-0.100038	0.604729	0.571596
435.0000	-0.0976764	0.656553	0.599676
436.0000	-0.0939953	0.65911	0.584497
437.0000	-0.0631376	0.568113	0.666594
438.0000	-0.183938	0.663234	0.691175
439.0000	-0.120056	0.59543	0.697908
440.0000	-0.153665	0.650319	0.664751
441.0000	-0.190377	0.58891	0.492858
442.0000	-0.278492	0.652768	0.539959
443.0000	-0.235074	0.616882	0.488421
444.0000	-0.321626	0.641022	0.480908
445.0000	-0.244514	0.625565	0.478117
446.0000	-0.201507	0.672856	0.463674
447.0000	-0.2322	0.652409	0.507643
448.0000	-0.258717	0.705722	0.49696
449.0000	-0.276267	0.699058	0.565079
450.0000	-0.267678	0.671389	0.50732
451.0000	-0.271195	0.627097	0.561034
452.0000	-0.0761092	0.620911	0.529803
453.0000	-0.266279	0.60661	0.563744
454.0000	-0.233015	0.572257	0.518411
455.0000	-0.297846	0.607707	0.536475
456.0000	-0.269589	0.549015	0.626501
457.0000	-0.298097	0.593979	0.639765
458.0000	-0.0594098	0.498002	0.656356
459.0000	-0.163785	0.446468	0.776908
460.0000	-0.190432	0.658453	0.503976
461.0000	-0.0405818	0.487125	0.670272
462.0000	-0.151034	0.59262	0.642654
463.0000	-0.122309	0.570833	0.60377
464.0000	-0.0109833	0.515671	0.648757
465.0000	-0.0415307	0.577988	0.669691
466.0000	0.00691639	0.458862	0.704053
467.0000	0.00351963	0.501344	0.689457
468.0000	-0.01195	0.488933	0.661577
469.0000	0.0856361	0.509767	0.679611
470.0000	-0.00735775	0.451812	0.738668
471.0000	0.0772947	0.401058	0.836477
472.0000	0.152448	0.460642	0.768155
473.0000	0.144391	0.4281	0.755795
474.0000	0.0635914	0.429655	0.741472
475.0000	0.134608	0.39891	0.75718
476.0000	0.199159	0.409382	0.728026
477.0000	0.132158	0.387759	0.783623
478.0000	0.0442207	0.471599	0.719146
479.0000	-0.000310102	0.409745	0.721302
480.0000	0.0838029	0.359778	0.791386
481.0000	0.0769526	0.485849	0.763992
482.0000	0.144627	0.32861	0.684759
483.0000	-0.108872	0.462218	0.722767
484.0000	0.00639713	0.359322	0.746602
485.0000	0.208614	0.402311	0.710491
486.0000	0.144594	0.452367	0.7267
487.0000	0.115191	0.304615	0.740282
488.0000	0.101029	0.355726	0.759105
489.0000	0.117002	0.553537	0.764737
490.0000	0.0875673	0.453789	0.732143
491.0000	0.161646	0.453733	0.792095
492.0000	0.0967727	0.335111	0.808379
493.0000	0.102197	0.288821	0.866056
494.0000	0.153743	0.218436	0.884092
495.0000	0.146523	0.199393	0.868998
496.0000	0.0679536	0.23278	0.807246
497.0000	-0.0177066	0.198313	0.859944
498.0000	-0.0895498	0.183842	0.898663
499.0000	-0.0757549	0.155799	0.846333
500.0000	-0.0544783	0.107086	0.862974
501.0000	0.0190363	0.18175	0.895421
502.0000	0.0786899	0.193087	0.925689
503.0000	0.0952605	0.267688	0.803589
504.0000	0.127489	0.203455	0.825735
505.0000	0.0983176	0.251336	0.841036
506.0000	0.0988999	0.254	0.79166
507.0000	0.0861864	0.172923	0.889191
508.0000	0.176773	0.256003	0.758513
509.0000	0.141447	0.225671	0.79802
510.0000	0.0948426	0.25633	0.820734
511.0000	0.0851041	0.25423	0.823111
512.0000	-0.0870626	0.244642	0.770711
513.0000	0.134037	0.230712	0.813156
514.0000	0.159245	0.216275	0.769746
515.0000	0.0154885	0.192257	0.875698
516.0000	0.0482306	0.14255	0.802574
517.0000	0.00479581	0.0937682	0.877389
518.0000	-0.0562769	0.171358	0.866065
519.0000	-0.0845069	0.241352	0.787163
520.0000	-0.0402399	0.166564	0.821273
521.0000	-0.0796272	0.135735	0.89332
522.0000	0.000460344	0.0770973	0.841168
523.0000	0.016817	0.0760714	0.854754
524.0000	0.0898306	0.0889837	0.83804
525.0000	0.0648435	0.124709	0.847742
526.0000	0.145548	0.158292	0.870801
527.0000	0.271172	0.0544669	0.822427
528.0000	0.17821	0.116705	0.793936
529.0000	0.152847	0.0812073	0.795768
530.0000	0.273975	0.101903	0.79682
531.0000	0.251715	0.0863879	0.830147
532.0000	0.0979154	0.0896042	0.822249
533.0000	0.247284	0.0237262	0.774026
534.0000	0.301417	0.0802319	0.806336
535.0000	0.257413	0.122637	0.809662
536.0000	0.240062	0.0638046	0.787584
537.0000	0.122757	0.13349	0.883817
538.0000	-0.000380104	0.0625181	0.830976
539.0000	0.0668401	0.0166422	0.867204
540.0000	0.0116396	0.00950495	0.873031
541.0000	-0.0123604	0.0749394	0.860033
542.0000	0.120657	0.104956	0.860443
543.0000	0.0988948	0.0681374	0.824899
544.0000	0.102923	-0.0248187	0.890406
545.0000	0.20756	0.0389838	0.807957
546.0000	0.118652	-0.0179033	0.885195
547.0000	0.101553	0.0506981	0.845449
548.0000	0.133209	0.010999	0.822041
549.0000	0.218554	0.0601973	0.826231
550.0000	0.152733	0.0427569	0.819531
551.0000	0.221139	0.0749783	0.821394
552.0000	0.174001	0.0488324	0.83446
553.0000	0.142744	0.0343238	0.779432
554.0000	0.143362	0.127283	0.820352
555.0000	0.101394	0.119028	0.802118
556.0000	0.117574	0.0810026	0.868869
557.0000	0.0593713	0.0698775	0.869915
558.0000	0.112283	0.040459	0.897335
559.0000	0.0772305	0.0258508	0.825217
560.0000	0.099762	0.00716223	0.902402
561.0000	0.113356	0.0564231	0.923018
562.0000	0.100714	0.0440787	0.870793
563.0000	0.0987098	0.0649132	0.867752
564.0000	-0.078025	0.133394	0.883307
565.0000	-0.0304954	0.13169	0.871398
566.0000	0.119142	0.109179	0.879774
567.0000	-0.105597	0.0321131	0.901398
568.0000	0.000429526	0.084015	0.890713
569.0000	0.0765762	0.00625769	0.893765
570.0000	0.0206386	0.0260552	0.931306
571.0000	0.0784957	0.0466371	0.8867
572.0000	0.01772	0.0571982	0.858689
573.0000	-0.122816	0.07039	0.850413
574.0000	-0.0187458	0.166553	0.816254
575.0000	-0.0523858	-0.0946814	0.845914
576.0000	-0.0800229	0.0751786	0.88957
577.0000	0.0541525	0.105368	0.804267
578.0000	-0.0402795	-0.022383	0.868089
579.0000	-0.0637901	-0.0295742	0.895566
580.0000	-0.0285829	0.0453032	0.814843
581.0000	-0.236778	0.225195	0.804973
582.0000	-0.109409	0.0415615	0.891474
583.0000	-0.119716	0.204928	0.85321
584.0000	-0.0637812	0.222808	0.84078
585.0000	-0.0827428	0.194195	0.915518
586.0000	0.0136957	0.061662	0.827966
587.0000	-0.0456802	0.189673	0.83389
588.0000	-0.13216	0.125668	0.885661
589.0000	-0.13814	0.258356	0.901594
590.0000	-0.286306	0.382818	0.769358
591.0000	-0.323559	0.419518	0.73695
592.0000	-0.10975	0.334323	0.836975
593.0000	-0.205557	0.350907	0.783902
594.0000	-0.428516	0.318732	0.756508
595.0000	-0.366495	0.331395	0.753042
596.0000	-0.254828	0.194475	0.815561
597.0000	-0.129846	0.172258	0.827199
598.0000	-0.0355513	0.179757	0.817794
599.0000	-0.250142	0.145066	0.775043
600.0000	-0.139485	0.0614022	0.908874
601.0000	0.00489684	0.102828	0.835985
602.0000	-0.26143	0.243829	0.834889
603.0000	-0.214593	0.289252	0.769792
604.0000	-0.213421	0.317186	0.80094
605.0000	-0.0181617	0.158256	0.918921
606.0000	0.0141584	0.378974	0.809433
607.0000	-0.109828	0.275511	0.855836
608.0000	-0.23386	0.378683	0.771575
609.0000	-0.206272	0.348234	0.77931
610.0000	-0.220247	0.38099	0.83839
611.0000	-0.112326	0.368845	0.809953
612.0000	-0.218155	0.332633	0.786908
613.0000	-0.171609	0.302037	0.862175
614.0000	-0.136896	0.221307	0.783873
615.0000	0.0722035	0.298389	0.774955
616.0000	0.032647	0.193069	0.867061
617.0000	0.0542901	0.269639	0.786698
618.0000	-0.131535	0.397785	0.820695
619.0000	0.0475794	0.212987	0.785955
620.0000	-0.159712	0.27139	0.836246
621.0000	0.0601196	0.323438	0.806845
622.0000	-0.0278087	0.472117	0.697362
623.0000	-0.174583	0.442571	0.773044
624.0000	-0.127803	0.437867	0.745722
625.0000	-0.120364	0.483379	0.728237
626.0000	-0.078064	0.49039	0.749946
627.0000	-0.0559635	0.544843	0.729885
628.0000	-0.127375	0.561184	0.672501
629.0000	-0.0751821	0.459285	0.766656
630.0000	-0.146359	0.466887	0.695611
631.0000	-0.28505	0.393016	0.727418
632.0000	-0.288326	0.41216	0.768591
633.0000	-0.172547	0.378538	0.754872
634.0000	-0.237705	0.37687	0.774764
635.0000	-0.33651	0.402147	0.712697
636.0000	-0.25789	0.465348	0.766265
637.0000	-0.238637	0.487583	0.774131
638.0000	-0.288363	0.507422	0.673869
639.0000	-0.202687	0.469278	0.792148
640.0000	-0.260577	0.480104	0.763943
641.0000	-0.201519	0.390312	0.785202
642.0000	-0.237997	0.405931	0.751482
643.0000	-0.227183	0.362693	0.776247
644.0000	-0.232859	0.413538	0.809638
645.0000	-0.175325	0.453354	0.825046
646.0000	-0.282221	0.324592	0.798269
647.0000	-0.282032	0.42084	0.813072
648.0000	-0.291171	0.450829	0.796879
649.0000	-0.228048	0.37771	0.825286
650.0000	-0.199798	0.47373	0.793881
651.0000	-0.0973424	0.487667	0.750566
652.0000	-0.117949	0.597478	0.72293
653.0000	-0.119618	0.544959	0.777383
654.0000	-0.147028	0.512936	0.700876
655.0000	-0.156323	0.524631	0.722334
656.0000	-0.0523345	0.508562	0.64937
657.0000	-0.120183	0.479829	0.695198
658.0000	-0.136135	0.55579	0.694112
659.0000	-0.119629	0.604508	0.696164
660.0000	-0.161146	0.648298	0.667868
661.0000	-0.191143	0.595123	0.672975
662.0000	-0.248255	0.698594	0.68952
663.0000	-0.107429	0.521219	0.717597
664.0000	-0.173733	0.554008	0.686733
665.0000	-0.0117202	0.584206	0.729239
666.0000	-0.136144	0.570873	0.757624
667.0000	-0.111207	0.57741	0.757833
668.0000	-0.121937	0.552417	0.731927
669.0000	-0.120423	0.560246	0.703229
670.0000	-0.200282	0.573345	0.640149
671.0000	-0.106285	0.622628	0.695987
672.0000	-0.166926	0.578969	0.675207
673.0000	-0.107979	0.498205	0.715367
674.0000	-0.141972	0.523258	0.648709
675.0000	-0.134602	0.569491	0.693432
676.0000	-0.0458453	0.475602	0.668562
677.0000	-0.0919358	0.538457	0.732787
678.0000	-0.152295	0.432116	0.765697
679.0000	-0.108485	0.51209	0.636124
680.0000	-0.103754	0.478043	0.712624
681.0000	-0.0858603	0.492886	0.761011
682.0000	-0.132677	0.518465	0.726483
683.0000	-0.141712	0.539096	0.700845
684.0000	-0.13357	0.49636	0.654723
685.0000	-0.204541	0.505288	0.618307
686.0000	-0.247498	0.510425	0.63847
687.0000	-0.0923262	0.488787	0.67636
688.0000	-0.27611	0.44599	0.632237
689.0000	-0.239493	0.573802	0.642691
690.0000	-0.152166	0.616432	0.582296
691.0000	-0.239955	0.503985	0.645866
692.0000	-0.294368	0.474736	0.654693
693.0000	-0.163852	0.421486	0.748309
694.0000	-0.0332999	0.300282	0.799122
695.0000	-0.319843	0.129352	0.751774
696.0000	-0.395118	0.110806	0.808356
697.0000	-0.276176	0.0712195	0.813676
698.0000	-0.336081	0.142083	0.79438
699.0000	-0.248494	0.0871863	0.861972
700.0000	-0.091573	-0.0330204	0.81046
701.0000	-0.105901	-0.0710327	0.822801
702.0000	0.0819171	-0.0926835	0.835222
703.0000	0.330129	-0.0641258	0.814265
704.0000	0.347083	-0.0628569	0.85295
705.0000	0.492864	0.0259419	0.784038
706.0000	0.55754	0.0977304	0.726395
707.0000	0.497418	-0.112571	0.740875
708.0000	0.493421	-0.165363	0.606512
709.0000	0.599452	-0.104163	0.654755
710.0000	0.611457	0.0390451	0.646657
711.0000	0.450633	0.240359	0.715081
712.0000	0.612268	0.208476	0.608814
713.0000	0.425315	0.297177	0.653255
714.0000	0.124665	0.376977	0.755399
715.0000	0.0260941	0.294459	0.792739
716.0000	0.0116604	0.218627	0.889148
717.0000	0.25994	0.242575	0.815572
718.0000	0.292917	0.0742311	0.866488
719.0000	0.294737	0.0498216	0.80261
720.0000	0.364002	0.0822295	0.761986
721.0000	0.279331	0.107355	0.777275
722.0000	0.162571	0.0873782	0.835812
723.0000	0.0970617	0.0116729	0.839521
724.0000	-0.0100559	0.0844069	0.94087
725.0000	0.00658635	0.013013	0.896578
726.0000	-0.0487895	0.209953	0.929766
727.0000	-0.0418478	0.0308226	0.848568
728.0000	-0.140926	0.16185	0.797294
729.0000	-0.217917	0.34464	0.862078
730.0000	-0.0767755	0.079509	0.838288
731.0000	0.0332892	0.0598892	0.876102
732.0000	0.00926623	0.109588	0.933133
733.0000	-0.0978242	0.0152689	0.923898
734.0000	-0.11389	-0.0375585	0.836192
735.0000	-0.151963	-0.168394	0.823543
736.0000	-0.108192	-0.220362	0.862415
737.0000	-0.071316	-0.0936329	0.895126
738.0000	-0.0609815	-0.107729	0.840746
739.0000	-0.083496	-0.0975283	0.849676
740.0000	-0.106492	-0.109201	0.853554
741.0000	-0.133098	-0.0591547	0.888848
742.0000	-0.149005	0.0216217	0.847733
743.0000	-0.227182	0.0409497	0.866971
744.0000	-0.226022	0.198252	0.828491
745.0000	-0.334193	0.268634	0.686918
746.0000	-0.36806	0.307813	0.698148
747.0000	-0.448746	0.148778	0.683992
748.0000	-0.599165	-0.0534274	0.731207
749.0000	-0.684015	-0.157519	0.624851
750.0000	-0.555126	-0.160772	0.733617
751.0000	-0.297768	-0.185404	0.818788
752.0000	-0.299793	-0.205084	0.788339
753.0000	-0.211404	-0.276062	0.836838
754.0000	-0.070199	-0.352762	0.838156
755.0000	0.115869	-0.323959	0.797715
756.0000	0.202939	-0.344904	0.795901
757.0000	0.266438	-0.397548	0.700935
758.0000	0.132146	-0.318395	0.869923
759.0000	0.172164	-0.298003	0.726301
760.0000	0.0654831	-0.437082	0.827786
761.0000	0.115585	-0.643487	0.605091
762.0000	-0.000540413	-0.707108	0.512409
763.0000	-0.136789	-0.669166	0.55804
764.0000	-0.362841	-0.559051	0.543834
765.0000	-0.339424	-0.662586	0.348188
766.0000	-0.560738	-0.633834	0.211479
767.0000	-0.748196	-0.56726	-0.199818
768.0000	-0.915117	-0.366075	-0.135699
769.0000	-0.831598	-0.353794	0.315006
770.0000	-0.731327	-0.278891	0.450117
771.0000	-0.756186	-0.109778	0.350085
772.0000	-0.744173	-0.27478	0.450989
773.0000	-0.639616	-0.34501	0.380302
774.0000	-0.637212	-0.617424	0.199697
775.0000	-0.750807	-0.48336	0.251838
776.0000	-0.902295	-0.166753	0.31815
777.0000	-0.773516	-0.430184	0.221935
778.0000	-0.675368	-0.595997	0.183487
779.0000	-0.656383	-0.534967	0.0163524
780.0000	-0.697464	-0.554187	-0.101474
781.0000	-0.805831	-0.330526	0.0204532
782.0000	-0.810562	-0.392958	0.13705
783.0000	-0.785959	-0.507521	-0.109584
784.0000	-0.743794	-0.379765	0.0390381
785.0000	-0.774156	-0.391506	0.0853176
786.0000	-0.643912	-0.47479	0.377428
787.0000	-0.513897	-0.507583	0.41625
788.0000	-0.566173	-0.543419	0.398505
789.0000	-0.21965	-0.717353	0.548975
790.0000	-0.0850359	-0.680724	0.448629
791.0000	-0.15067	-0.768592	0.43973
792.0000	-0.233649	-0.767215	0.458942
793.0000	-0.0443631	-0.801631	0.384618
794.0000	-0.145301	-0.684824	0.37106
795.0000	-0.390927	-0.666318	0.480669
796.0000	-0.274663	-0.597987	0.650475
797.0000	-0.37139	-0.240989	0.802365
798.0000	-0.180252	-0.366461	0.826593
799.0000	-0.242484	-0.690743	0.579702
800.0000	0.154641	-0.72247	0.445581
801.0000	0.457087	-0.618916	0.378862
802.0000	0.509008	-0.566766	0.232608
803.0000	0.17245	-0.775767	0.566117
804.0000	0.122747	-0.761946	0.361135
805.0000	0.36092	-0.727872	0.354061
806.0000	0.384427	-0.660007	0.228467
807.0000	0.30394	-0.653982	0.535172
808.0000	0.358661	-0.673855	0.556103
809.0000	0.102048	-0.622589	0.629353
810.0000	0.0151945	-0.61951	0.623126
811.0000	-0.0967569	-0.600046	0.674102
812.0000	-0.320811	-0.645336	0.486235
813.0000	-0.513436	-0.608784	0.499706
814.0000	-0.594245	-0.414708	0.457245
815.0000	-0.584006	-0.405142	0.453632
816.0000	-0.561266	-0.450875	0.603672
817.0000	-0.373048	-0.710107	0.561576
818.0000	-0.387275	-0.517977	0.523757
819.0000	-0.53384	-0.0375452	0.712083
820.0000	-0.435984	0.287931	0.712731
821.0000	-0.494831	0.0992811	0.766128
822.0000	-0.449882	0.014579	0.65469
823.0000	-0.191504	-0.15449	0.879056
824.0000	-0.446927	-0.00308144	0.692403
825.0000	-0.483062	-0.196591	0.611159
826.0000	-0.577961	0.0420824	0.667628
827.0000	-0.546957	0.180262	0.57921
828.0000	-0.531515	-0.0655513	0.681981
829.0000	-0.468754	0.132806	0.854599
830.0000	-0.36087	-0.257581	0.826773
831.0000	-0.250127	-0.29492	0.815997
832.0000	-0.347031	-0.312694	0.828623
833.0000	-0.397189	-0.400689	0.694751
834.0000	-0.11468	-0.516607	0.714885
835.0000	0.00205819	-0.492919	0.648868
836.0000	-0.171624	-0.526608	0.673051
837.0000	-0.315481	-0.430348	0.746467
838.0000	-0.296307	-0.370625	0.749016
839.0000	-0.0906343	-0.552518	0.690257
840.0000	-0.0450535	-0.591818	0.694212
841.0000	-0.159613	-0.576305	0.659927
842.0000	-0.252895	-0.488772	0.633979
843.0000	-0.120219	-0.498606	0.74416
844.0000	0.022395	-0.576726	0.60872
845.0000	-0.0333217	-0.494106	0.699676
846.0000	-0.0892876	-0.417371	0.736572
847.0000	-0.247169	-0.540162	0.705068
848.0000	-0.139843	-0.599712	0.580437
849.0000	-0.118299	-0.678937	0.506155
850.0000	-0.175159	-0.589736	0.61356
851.0000	-0.361796	-0.675378	0.508846
852.0000	-0.195482	-0.737632	0.442079
853.0000	0.0506208	-0.611498	0.602062
854.0000	-0.313833	-0.508231	0.589753
855.0000	-0.0473738	-0.556881	0.673218
856.0000	-0.363292	-0.603899	0.483697
857.0000	-0.435579	-0.461366	0.653814
858.0000	-0.15938	-0.522502	0.595978
859.0000	-0.334955	-0.465007	0.624498
860.0000	-0.136304	-0.629795	0.577623
861.0000	0.0254225	-0.584209	0.617242
862.0000	-0.0245021	-0.592008	0.613614
863.0000	-0.307056	-0.694275	0.622905
864.0000	-0.152967	-0.505607	0.7386
865.0000	-0.267555	-0.525368	0.564977
866.0000	-0.104746	-0.620792	0.524105
867.0000	-0.0577383	-0.565985	0.62158
868.0000	0.00231779	-0.562134	0.651865
869.0000	-0.0997568	-0.521535	0.725902
870.0000	0.00601937	-0.559371	0.680998
871.0000	-0.0737213	-0.572006	0.645209
872.0000	-0.0757873	-0.581712	0.714973
873.0000	-0.0831668	-0.612596	0.675692
874.0000	-0.07778	-0.593194	0.689058
875.0000	-0.0381692	-0.601894	0.708618
876.0000	-0.0840138	-0.575061	0.611765
877.0000	-0.0739275	-0.515284	0.698748
878.0000	-0.119735	-0.479569	0.758822
879.0000	-0.114603	-0.497252	0.690027
880.0000	-0.144632	-0.523402	0.681575
881.0000	-0.0474461	-0.594018	0.606012
882.0000	-0.0231349	-0.586253	0.645141
883.0000	-0.115555	-0.530179	0.594221
884.0000	-0.0792655	-0.56735	0.712848
885.0000	0.0240269	-0.478838	0.68816
886.0000	-0.0216914	-0.49292	0.714455
887.0000	0.039246	-0.544461	0.70679
888.0000	0.0532133	-0.46894	0.610069
889.0000	0.0875348	-0.516768	0.64174
890.0000	0.034328	-0.576869	0.602329
891.0000	0.0732277	-0.525105	0.546693
892.0000	-0.0463083	-0.543298	0.509219
893.0000	-0.0884766	-0.532393	0.585008
894.0000	-0.0530768	-0.573407	0.551473
895.0000	-0.206436	-0.582401	0.442046
896.0000	-0.163092	-0.626744	0.499709
897.0000	-0.226251	-0.532393	0.554
898.0000	-0.166834	-0.589235	0.582012
899.0000	-0.329844	-0.59481	0.587834
900.0000	-0.297941	-0.600321	0.591181
901.0000	-0.198602	-0.585507	0.65907
902.0000	-0.12206	-0.570133	0.676881
903.0000	-0.00684932	-0.564471	0.725129
904.0000	-0.0784892	-0.549661	0.663578
905.0000	-0.0423784	-0.549085	0.691037
906.0000	-0.121239	-0.449117	0.669543
907.0000	-0.344602	-0.460738	0.665617
908.0000	-0.266286	-0.488521	0.639815
909.0000	-0.0823221	-0.54402	0.653605
910.0000	-0.192367	-0.506818	0.697623
911.0000	-0.193854	-0.51821	0.619082
912.0000	-0.116409	-0.448738	0.698613
913.0000	-0.248419	-0.54962	0.707008
914.0000	-0.256879	-0.456571	0.704097
915.0000	-0.324816	-0.554829	0.589633
916.0000	-0.272169	-0.551995	0.576641
917.0000	-0.267977	-0.560567	0.596323
918.0000	-0.256328	-0.524076	0.671053
919.0000	-0.236676	-0.533264	0.65194
920.0000	-0.319605	-0.530061	0.657912
921.0000	-0.335115	-0.560184	0.635435
922.0000	-0.344824	-0.567887	0.540401
923.0000	-0.305555	-0.601527	0.595101
924.0000	-0.26153	-0.627739	0.598021
925.0000	-0.308354	-0.523017	0.584976
926.0000	-0.209391	-0.579456	0.587955
927.0000	-0.34428	-0.541432	0.633682
928.0000	-0.253575	-0.549317	0.635674
929.0000	-0.324079	-0.621475	0.647521
930.0000	-0.362517	-0.555716	0.654798
931.0000	-0.267143	-0.544514	0.562687
932.0000	-0.275882	-0.528848	0.627669
933.0000	-0.304	-0.57121	0.535881
934.0000	-0.260534	-0.651157	0.632429
935.0000	-0.0857959	-0.479503	0.689697
936.0000	-0.158859	-0.522612	0.698871
937.0000	-0.140814	-0.515651	0.648736
938.0000	-0.181101	-0.543633	0.631911
939.0000	-0.175716	-0.562417	0.644495
940.0000	-0.174755	-0.487915	0.700555
941.0000	-0.182176	-0.507015	0.727273
942.0000	-0.237816	-0.550084	0.633604
943.0000	-0.149546	-0.536514	0.693253
944.0000	-0.136202	-0.46723	0.647739
945.0000	-0.1579	-0.527726	0.640926
946.0000	-0.134821	-0.450214	0.681065
947.0000	-0.0500046	-0.491241	0.699329
948.0000	-0.178363	-0.540652	0.641586
949.0000	-0.0786791	-0.478117	0.661972
950.0000	-0.139545	-0.512924	0.694528
951.0000	-0.1584	-0.504391	0.640126
952.0000	-0.225384	-0.471204	0.623334
953.0000	-0.113349	-0.509906	0.662118
954.0000	-0.178835	-0.475329	0.630254
955.0000	-0.165374	-0.537019	0.61794
956.0000	-0.168536	-0.535695	0.637626
957.0000	-0.235883	-0.525503	0.627633
958.0000	-0.141148	-0.44229	0.706638
959.0000	-0.134869	-0.496079	0.608496
960.0000	-0.140213	-0.517604	0.648988
961.0000	-0.135125	-0.526021	0.642031
962.0000	-0.151594	-0.515029	0.648178
963.0000	-0.181792	-0.497444	0.660401
964.0000	-0.287956	-0.526697	0.60952
965.0000	-0.319723	-0.578797	0.575909
966.0000	-0.246688	-0.55637	0.624245
967.0000	-0.197477	-0.520358	0.669562
968.0000	-0.093776	-0.561843	0.654744
969.0000	-0.21269	-0.560917	0.66267
970.0000	-0.230736	-0.497248	0.672435
971.0000	-0.221241	-0.603235	0.622508
972.0000	-0.318375	-0.584871	0.618425
973.0000	-0.346238	-0.560213	0.580444
974.0000	-0.21504	-0.500457	0.577396
975.0000	-0.273524	-0.575362	0.538329
976.0000	-0.281675	-0.507484	0.550457
977.0000	-0.265829	-0.466496	0.534042
978.0000	-0.254337	-0.478415	0.57476
979.0000	-0.248982	-0.522025	0.584252
980.0000	-0.201191	-0.511845	0.642072
981.0000	-0.232849	-0.49547	0.650361
982.0000	-0.282704	-0.533483	0.563149
983.0000	-0.214227	-0.530711	0.551672
984.0000	-0.204362	-0.516533	0.734063
985.0000	-0.197302	-0.562873	0.660331
986.0000	-0.14062	-0.551652	0.617277
987.0000	-0.1251	-0.527649	0.573121
988.0000	-0.192411	-0.552723	0.588779
989.0000	-0.0533102	-0.434669	0.681736
990.0000	-0.107948	-0.368085	0.794709
991.0000	0.0613974	-0.357764	0.78458
992.0000	0.00290621	-0.386406	0.826534
993.0000	0.107784	-0.368625	0.765802
994.0000	0.0724988	-0.445348	0.648777
995.0000	0.0062043	-0.397398	0.670153
996.0000	-0.150165	-0.440544	0.671974
997.0000	-0.13297	-0.470959	0.679903
998.0000	-0.169293	-0.543578	0.665654
999.0000	-0.147383	-0.510044	0.664144
1000.0000	-0.208838	-0.561254	0.653649
